   1.0000000000000000e+00   0.0000000000000000e+00   0.0000000000000000e+00   0.0000000000000000e+00
   0.0000000000000000e+00   1.0000000000000000e+00   0.0000000000000000e+00   0.0000000000000000e+00
   0.0000000000000000e+00   0.0000000000000000e+00   1.0000000000000000e+00   0.0000000000000000e+00
   0.0000000000000000e+00   0.0000000000000000e+00   0.0000000000000000e+00   1.0000000000000000e+00
   8.0901699437494745e-01   5.0000000000000000e-01   3.0901699437494740e-01   0.0000000000000000e+00
   8.0901699437494745e-01   5.0000000000000000e-01  -3.0901699437494740e-01   0.0000000000000000e+00
   8.0901699437494745e-01  -5.0000000000000000e-01   3.0901699437494740e-01   0.0000000000000000e+00
   8.0901699437494745e-01  -5.0000000000000000e-01  -3.0901699437494740e-01   0.0000000000000000e+00
   8.0901699437494745e-01   3.0901699437494740e-01   0.0000000000000000e+00   5.0000000000000000e-01
   8.0901699437494745e-01  -3.0901699437494740e-01   0.0000000000000000e+00   5.0000000000000000e-01
   8.0901699437494745e-01   3.0901699437494740e-01   0.0000000000000000e+00  -5.0000000000000000e-01
   8.0901699437494745e-01  -3.0901699437494740e-01   0.0000000000000000e+00  -5.0000000000000000e-01
   8.0901699437494745e-01   0.0000000000000000e+00   5.0000000000000000e-01   3.0901699437494740e-01
   8.0901699437494745e-01   0.0000000000000000e+00   5.0000000000000000e-01  -3.0901699437494740e-01
   8.0901699437494745e-01   0.0000000000000000e+00  -5.0000000000000000e-01   3.0901699437494740e-01
   8.0901699437494745e-01   0.0000000000000000e+00  -5.0000000000000000e-01  -3.0901699437494740e-01
   5.0000000000000000e-01   8.0901699437494745e-01   0.0000000000000000e+00   3.0901699437494740e-01
   5.0000000000000000e-01   8.0901699437494745e-01   0.0000000000000000e+00  -3.0901699437494740e-01
   5.0000000000000000e-01  -8.0901699437494745e-01  -0.0000000000000000e+00  -3.0901699437494740e-01
   5.0000000000000000e-01  -8.0901699437494745e-01  -0.0000000000000000e+00   3.0901699437494740e-01
   5.0000000000000000e-01   3.0901699437494740e-01   8.0901699437494745e-01   0.0000000000000000e+00
   5.0000000000000000e-01  -3.0901699437494740e-01   8.0901699437494745e-01   0.0000000000000000e+00
   5.0000000000000000e-01  -3.0901699437494740e-01  -8.0901699437494745e-01  -0.0000000000000000e+00
   5.0000000000000000e-01   3.0901699437494740e-01  -8.0901699437494745e-01  -0.0000000000000000e+00
   5.0000000000000000e-01   0.0000000000000000e+00   3.0901699437494740e-01   8.0901699437494745e-01
   5.0000000000000000e-01   0.0000000000000000e+00  -3.0901699437494740e-01   8.0901699437494745e-01
   5.0000000000000000e-01  -0.0000000000000000e+00  -3.0901699437494740e-01  -8.0901699437494745e-01
   5.0000000000000000e-01  -0.0000000000000000e+00   3.0901699437494740e-01  -8.0901699437494745e-01
   3.0901699437494740e-01   8.0901699437494745e-01   5.0000000000000000e-01   0.0000000000000000e+00
   3.0901699437494740e-01  -8.0901699437494745e-01  -5.0000000000000000e-01  -0.0000000000000000e+00
   3.0901699437494740e-01   8.0901699437494745e-01  -5.0000000000000000e-01   0.0000000000000000e+00
   3.0901699437494740e-01  -8.0901699437494745e-01   5.0000000000000000e-01  -0.0000000000000000e+00
   3.0901699437494740e-01   5.0000000000000000e-01   0.0000000000000000e+00   8.0901699437494745e-01
   3.0901699437494740e-01  -5.0000000000000000e-01  -0.0000000000000000e+00  -8.0901699437494745e-01
   3.0901699437494740e-01  -5.0000000000000000e-01   0.0000000000000000e+00   8.0901699437494745e-01
   3.0901699437494740e-01   5.0000000000000000e-01  -0.0000000000000000e+00  -8.0901699437494745e-01
   3.0901699437494740e-01   0.0000000000000000e+00   8.0901699437494745e-01   5.0000000000000000e-01
   3.0901699437494740e-01  -0.0000000000000000e+00  -8.0901699437494745e-01  -5.0000000000000000e-01
   3.0901699437494740e-01   0.0000000000000000e+00   8.0901699437494745e-01  -5.0000000000000000e-01
   3.0901699437494740e-01  -0.0000000000000000e+00  -8.0901699437494745e-01   5.0000000000000000e-01
   0.0000000000000000e+00   8.0901699437494745e-01   3.0901699437494740e-01   5.0000000000000000e-01
   0.0000000000000000e+00   8.0901699437494745e-01  -3.0901699437494740e-01   5.0000000000000000e-01
   0.0000000000000000e+00   8.0901699437494745e-01   3.0901699437494740e-01  -5.0000000000000000e-01
   0.0000000000000000e+00   8.0901699437494745e-01  -3.0901699437494740e-01  -5.0000000000000000e-01
   0.0000000000000000e+00   5.0000000000000000e-01   8.0901699437494745e-01   3.0901699437494740e-01
   0.0000000000000000e+00   5.0000000000000000e-01   8.0901699437494745e-01  -3.0901699437494740e-01
  -0.0000000000000000e+00   5.0000000000000000e-01  -8.0901699437494745e-01  -3.0901699437494740e-01
  -0.0000000000000000e+00   5.0000000000000000e-01  -8.0901699437494745e-01   3.0901699437494740e-01
   0.0000000000000000e+00   3.0901699437494740e-01   5.0000000000000000e-01   8.0901699437494745e-01
  -0.0000000000000000e+00   3.0901699437494740e-01  -5.0000000000000000e-01  -8.0901699437494745e-01
   0.0000000000000000e+00   3.0901699437494740e-01  -5.0000000000000000e-01   8.0901699437494745e-01
  -0.0000000000000000e+00   3.0901699437494740e-01   5.0000000000000000e-01  -8.0901699437494745e-01
   5.0000000000000000e-01   5.0000000000000000e-01   5.0000000000000000e-01   5.0000000000000000e-01
   5.0000000000000000e-01   5.0000000000000000e-01   5.0000000000000000e-01  -5.0000000000000000e-01
   5.0000000000000000e-01   5.0000000000000000e-01  -5.0000000000000000e-01   5.0000000000000000e-01
   5.0000000000000000e-01   5.0000000000000000e-01  -5.0000000000000000e-01  -5.0000000000000000e-01
   5.0000000000000000e-01  -5.0000000000000000e-01   5.0000000000000000e-01   5.0000000000000000e-01
   5.0000000000000000e-01  -5.0000000000000000e-01   5.0000000000000000e-01  -5.0000000000000000e-01
   5.0000000000000000e-01  -5.0000000000000000e-01  -5.0000000000000000e-01   5.0000000000000000e-01
   5.0000000000000000e-01  -5.0000000000000000e-01  -5.0000000000000000e-01  -5.0000000000000000e-01
  -1.0000000000000000e+00  -0.0000000000000000e+00  -0.0000000000000000e+00  -0.0000000000000000e+00
  -0.0000000000000000e+00  -1.0000000000000000e+00  -0.0000000000000000e+00  -0.0000000000000000e+00
  -0.0000000000000000e+00  -0.0000000000000000e+00  -1.0000000000000000e+00  -0.0000000000000000e+00
  -0.0000000000000000e+00  -0.0000000000000000e+00  -0.0000000000000000e+00  -1.0000000000000000e+00
  -8.0901699437494745e-01  -5.0000000000000000e-01  -3.0901699437494740e-01  -0.0000000000000000e+00
  -8.0901699437494745e-01  -5.0000000000000000e-01   3.0901699437494740e-01  -0.0000000000000000e+00
  -8.0901699437494745e-01   5.0000000000000000e-01  -3.0901699437494740e-01  -0.0000000000000000e+00
  -8.0901699437494745e-01   5.0000000000000000e-01   3.0901699437494740e-01  -0.0000000000000000e+00
  -8.0901699437494745e-01  -3.0901699437494740e-01  -0.0000000000000000e+00  -5.0000000000000000e-01
  -8.0901699437494745e-01   3.0901699437494740e-01  -0.0000000000000000e+00  -5.0000000000000000e-01
  -8.0901699437494745e-01  -3.0901699437494740e-01  -0.0000000000000000e+00   5.0000000000000000e-01
  -8.0901699437494745e-01   3.0901699437494740e-01  -0.0000000000000000e+00   5.0000000000000000e-01
  -8.0901699437494745e-01  -0.0000000000000000e+00  -5.0000000000000000e-01  -3.0901699437494740e-01
  -8.0901699437494745e-01  -0.0000000000000000e+00  -5.0000000000000000e-01   3.0901699437494740e-01
  -8.0901699437494745e-01  -0.0000000000000000e+00   5.0000000000000000e-01  -3.0901699437494740e-01
  -8.0901699437494745e-01  -0.0000000000000000e+00   5.0000000000000000e-01   3.0901699437494740e-01
  -5.0000000000000000e-01  -8.0901699437494745e-01  -0.0000000000000000e+00  -3.0901699437494740e-01
  -5.0000000000000000e-01  -8.0901699437494745e-01  -0.0000000000000000e+00   3.0901699437494740e-01
  -5.0000000000000000e-01   8.0901699437494745e-01   0.0000000000000000e+00   3.0901699437494740e-01
  -5.0000000000000000e-01   8.0901699437494745e-01   0.0000000000000000e+00  -3.0901699437494740e-01
  -5.0000000000000000e-01  -3.0901699437494740e-01  -8.0901699437494745e-01  -0.0000000000000000e+00
  -5.0000000000000000e-01   3.0901699437494740e-01  -8.0901699437494745e-01  -0.0000000000000000e+00
  -5.0000000000000000e-01   3.0901699437494740e-01   8.0901699437494745e-01   0.0000000000000000e+00
  -5.0000000000000000e-01  -3.0901699437494740e-01   8.0901699437494745e-01   0.0000000000000000e+00
  -5.0000000000000000e-01  -0.0000000000000000e+00  -3.0901699437494740e-01  -8.0901699437494745e-01
  -5.0000000000000000e-01  -0.0000000000000000e+00   3.0901699437494740e-01  -8.0901699437494745e-01
  -5.0000000000000000e-01   0.0000000000000000e+00   3.0901699437494740e-01   8.0901699437494745e-01
  -5.0000000000000000e-01   0.0000000000000000e+00  -3.0901699437494740e-01   8.0901699437494745e-01
  -3.0901699437494740e-01  -8.0901699437494745e-01  -5.0000000000000000e-01  -0.0000000000000000e+00
  -3.0901699437494740e-01   8.0901699437494745e-01   5.0000000000000000e-01   0.0000000000000000e+00
  -3.0901699437494740e-01  -8.0901699437494745e-01   5.0000000000000000e-01  -0.0000000000000000e+00
  -3.0901699437494740e-01   8.0901699437494745e-01  -5.0000000000000000e-01   0.0000000000000000e+00
  -3.0901699437494740e-01  -5.0000000000000000e-01  -0.0000000000000000e+00  -8.0901699437494745e-01
  -3.0901699437494740e-01   5.0000000000000000e-01   0.0000000000000000e+00   8.0901699437494745e-01
  -3.0901699437494740e-01   5.0000000000000000e-01  -0.0000000000000000e+00  -8.0901699437494745e-01
  -3.0901699437494740e-01  -5.0000000000000000e-01   0.0000000000000000e+00   8.0901699437494745e-01
  -3.0901699437494740e-01  -0.0000000000000000e+00  -8.0901699437494745e-01  -5.0000000000000000e-01
  -3.0901699437494740e-01   0.0000000000000000e+00   8.0901699437494745e-01   5.0000000000000000e-01
  -3.0901699437494740e-01  -0.0000000000000000e+00  -8.0901699437494745e-01   5.0000000000000000e-01
  -3.0901699437494740e-01   0.0000000000000000e+00   8.0901699437494745e-01  -5.0000000000000000e-01
  -0.0000000000000000e+00  -8.0901699437494745e-01  -3.0901699437494740e-01  -5.0000000000000000e-01
  -0.0000000000000000e+00  -8.0901699437494745e-01   3.0901699437494740e-01  -5.0000000000000000e-01
  -0.0000000000000000e+00  -8.0901699437494745e-01  -3.0901699437494740e-01   5.0000000000000000e-01
  -0.0000000000000000e+00  -8.0901699437494745e-01   3.0901699437494740e-01   5.0000000000000000e-01
  -0.0000000000000000e+00  -5.0000000000000000e-01  -8.0901699437494745e-01  -3.0901699437494740e-01
  -0.0000000000000000e+00  -5.0000000000000000e-01  -8.0901699437494745e-01   3.0901699437494740e-01
   0.0000000000000000e+00  -5.0000000000000000e-01   8.0901699437494745e-01   3.0901699437494740e-01
   0.0000000000000000e+00  -5.0000000000000000e-01   8.0901699437494745e-01  -3.0901699437494740e-01
  -0.0000000000000000e+00  -3.0901699437494740e-01  -5.0000000000000000e-01  -8.0901699437494745e-01
   0.0000000000000000e+00  -3.0901699437494740e-01   5.0000000000000000e-01   8.0901699437494745e-01
  -0.0000000000000000e+00  -3.0901699437494740e-01   5.0000000000000000e-01  -8.0901699437494745e-01
   0.0000000000000000e+00  -3.0901699437494740e-01  -5.0000000000000000e-01   8.0901699437494745e-01
  -5.0000000000000000e-01  -5.0000000000000000e-01  -5.0000000000000000e-01  -5.0000000000000000e-01
  -5.0000000000000000e-01  -5.0000000000000000e-01  -5.0000000000000000e-01   5.0000000000000000e-01
  -5.0000000000000000e-01  -5.0000000000000000e-01   5.0000000000000000e-01  -5.0000000000000000e-01
  -5.0000000000000000e-01  -5.0000000000000000e-01   5.0000000000000000e-01   5.0000000000000000e-01
  -5.0000000000000000e-01   5.0000000000000000e-01  -5.0000000000000000e-01  -5.0000000000000000e-01
  -5.0000000000000000e-01   5.0000000000000000e-01  -5.0000000000000000e-01   5.0000000000000000e-01
  -5.0000000000000000e-01   5.0000000000000000e-01   5.0000000000000000e-01  -5.0000000000000000e-01
  -5.0000000000000000e-01   5.0000000000000000e-01   5.0000000000000000e-01   5.0000000000000000e-01
