   1.0000000000000002e+00  -0.0000000000000000e+00   0.0000000000000000e+00   0.0000000000000000e+00
  -0.0000000000000000e+00   1.0000000000000000e+00   0.0000000000000000e+00   0.0000000000000000e+00
  -9.9999999999999989e-01   9.8797695649327799e-17  -0.0000000000000000e+00   0.0000000000000000e+00
  -0.0000000000000000e+00  -1.0000000000000000e+00  -0.0000000000000000e+00  -0.0000000000000000e+00
   4.9999999999999989e-01   4.9999999999999994e-01   7.0710678118654757e-01   0.0000000000000000e+00
   4.9999999999999989e-01   4.9999999999999994e-01  -7.0710678118654757e-01   0.0000000000000000e+00
  -4.9999999999999989e-01  -4.9999999999999994e-01  -7.0710678118654757e-01  -0.0000000000000000e+00
  -4.9999999999999989e-01  -4.9999999999999994e-01   7.0710678118654757e-01  -0.0000000000000000e+00
   4.9999999999999989e-01   4.9999999999999994e-01   0.0000000000000000e+00   7.0710678118654757e-01
   4.9999999999999989e-01   4.9999999999999994e-01   0.0000000000000000e+00  -7.0710678118654757e-01
  -4.9999999999999989e-01  -4.9999999999999994e-01  -0.0000000000000000e+00  -7.0710678118654757e-01
  -4.9999999999999989e-01  -4.9999999999999994e-01  -0.0000000000000000e+00   7.0710678118654757e-01
   5.0000000000000000e-01  -5.0000000000000000e-01   7.0710678118654757e-01   0.0000000000000000e+00
   5.0000000000000000e-01  -5.0000000000000000e-01  -7.0710678118654757e-01   0.0000000000000000e+00
  -5.0000000000000000e-01   5.0000000000000000e-01  -7.0710678118654757e-01  -0.0000000000000000e+00
  -5.0000000000000000e-01   5.0000000000000000e-01   7.0710678118654757e-01  -0.0000000000000000e+00
   5.0000000000000000e-01  -5.0000000000000000e-01   0.0000000000000000e+00   7.0710678118654757e-01
   5.0000000000000000e-01  -5.0000000000000000e-01   0.0000000000000000e+00  -7.0710678118654757e-01
  -5.0000000000000000e-01   5.0000000000000000e-01  -0.0000000000000000e+00  -7.0710678118654757e-01
  -5.0000000000000000e-01   5.0000000000000000e-01  -0.0000000000000000e+00   7.0710678118654757e-01
  -0.0000000000000000e+00  -0.0000000000000000e+00   7.0710678118654757e-01   7.0710678118654757e-01
  -0.0000000000000000e+00  -0.0000000000000000e+00   7.0710678118654757e-01  -7.0710678118654757e-01
  -0.0000000000000000e+00   0.0000000000000000e+00  -7.0710678118654757e-01  -7.0710678118654757e-01
   0.0000000000000000e+00   0.0000000000000000e+00  -7.0710678118654757e-01   7.0710678118654757e-01
   8.0901699437494756e-01   3.0901699437494751e-01   3.5355339059327379e-01   3.5355339059327379e-01
   8.0901699437494756e-01   3.0901699437494751e-01   3.5355339059327379e-01  -3.5355339059327379e-01
   8.0901699437494756e-01   3.0901699437494751e-01  -3.5355339059327379e-01   3.5355339059327379e-01
   8.0901699437494756e-01   3.0901699437494751e-01  -3.5355339059327379e-01  -3.5355339059327379e-01
   3.0901699437494734e-01   8.0901699437494745e-01   3.5355339059327379e-01   3.5355339059327379e-01
   3.0901699437494734e-01   8.0901699437494745e-01   3.5355339059327379e-01  -3.5355339059327379e-01
   3.0901699437494734e-01   8.0901699437494745e-01  -3.5355339059327379e-01   3.5355339059327379e-01
   3.0901699437494734e-01   8.0901699437494745e-01  -3.5355339059327379e-01  -3.5355339059327379e-01
  -8.0901699437494756e-01  -3.0901699437494751e-01  -3.5355339059327379e-01  -3.5355339059327379e-01
  -8.0901699437494756e-01  -3.0901699437494751e-01  -3.5355339059327379e-01   3.5355339059327379e-01
  -8.0901699437494756e-01  -3.0901699437494751e-01   3.5355339059327379e-01  -3.5355339059327379e-01
  -8.0901699437494756e-01  -3.0901699437494751e-01   3.5355339059327379e-01   3.5355339059327379e-01
  -3.0901699437494734e-01  -8.0901699437494745e-01  -3.5355339059327379e-01  -3.5355339059327379e-01
  -3.0901699437494734e-01  -8.0901699437494745e-01  -3.5355339059327379e-01   3.5355339059327379e-01
  -3.0901699437494734e-01  -8.0901699437494745e-01   3.5355339059327379e-01  -3.5355339059327379e-01
  -3.0901699437494734e-01  -8.0901699437494745e-01   3.5355339059327379e-01   3.5355339059327379e-01
   8.0901699437494745e-01  -3.0901699437494751e-01   3.5355339059327379e-01   3.5355339059327379e-01
   8.0901699437494745e-01  -3.0901699437494751e-01   3.5355339059327379e-01  -3.5355339059327379e-01
   8.0901699437494745e-01  -3.0901699437494751e-01  -3.5355339059327379e-01   3.5355339059327379e-01
   8.0901699437494745e-01  -3.0901699437494751e-01  -3.5355339059327379e-01  -3.5355339059327379e-01
   3.0901699437494745e-01  -8.0901699437494745e-01   3.5355339059327379e-01   3.5355339059327379e-01
   3.0901699437494745e-01  -8.0901699437494745e-01   3.5355339059327379e-01  -3.5355339059327379e-01
   3.0901699437494745e-01  -8.0901699437494745e-01  -3.5355339059327379e-01   3.5355339059327379e-01
   3.0901699437494745e-01  -8.0901699437494745e-01  -3.5355339059327379e-01  -3.5355339059327379e-01
  -8.0901699437494745e-01   3.0901699437494751e-01  -3.5355339059327379e-01  -3.5355339059327379e-01
  -8.0901699437494745e-01   3.0901699437494751e-01  -3.5355339059327379e-01   3.5355339059327379e-01
  -8.0901699437494745e-01   3.0901699437494751e-01   3.5355339059327379e-01  -3.5355339059327379e-01
  -8.0901699437494745e-01   3.0901699437494751e-01   3.5355339059327379e-01   3.5355339059327379e-01
  -3.0901699437494745e-01   8.0901699437494745e-01  -3.5355339059327379e-01  -3.5355339059327379e-01
  -3.0901699437494745e-01   8.0901699437494745e-01  -3.5355339059327379e-01   3.5355339059327379e-01
  -3.0901699437494745e-01   8.0901699437494745e-01   3.5355339059327379e-01  -3.5355339059327379e-01
  -3.0901699437494745e-01   8.0901699437494745e-01   3.5355339059327379e-01   3.5355339059327379e-01
   4.9999999999999994e-01  -5.5511151231257827e-17   7.9056941504209488e-01   3.5355339059327379e-01
   4.9999999999999994e-01  -5.5511151231257827e-17   7.9056941504209488e-01  -3.5355339059327379e-01
  -0.0000000000000000e+00   5.0000000000000000e-01   7.9056941504209488e-01   3.5355339059327379e-01
  -0.0000000000000000e+00   5.0000000000000000e-01   7.9056941504209488e-01  -3.5355339059327379e-01
  -0.0000000000000000e+00  -5.0000000000000000e-01   7.9056941504209488e-01   3.5355339059327379e-01
  -0.0000000000000000e+00  -5.0000000000000000e-01   7.9056941504209488e-01  -3.5355339059327379e-01
  -4.9999999999999994e-01   5.5511151231257827e-17   7.9056941504209488e-01   3.5355339059327379e-01
  -4.9999999999999994e-01   5.5511151231257827e-17   7.9056941504209488e-01  -3.5355339059327379e-01
  -4.9999999999999994e-01   5.5511151231257827e-17  -7.9056941504209488e-01  -3.5355339059327379e-01
  -4.9999999999999994e-01   5.5511151231257827e-17  -7.9056941504209488e-01   3.5355339059327379e-01
  -0.0000000000000000e+00  -5.0000000000000000e-01  -7.9056941504209488e-01  -3.5355339059327379e-01
  -0.0000000000000000e+00  -5.0000000000000000e-01  -7.9056941504209488e-01   3.5355339059327379e-01
  -0.0000000000000000e+00   5.0000000000000000e-01  -7.9056941504209488e-01  -3.5355339059327379e-01
  -0.0000000000000000e+00   5.0000000000000000e-01  -7.9056941504209488e-01   3.5355339059327379e-01
   4.9999999999999994e-01  -5.5511151231257827e-17  -7.9056941504209488e-01  -3.5355339059327379e-01
   4.9999999999999994e-01  -5.5511151231257827e-17  -7.9056941504209488e-01   3.5355339059327379e-01
   4.9999999999999994e-01  -5.5511151231257827e-17   3.5355339059327379e-01   7.9056941504209488e-01
   4.9999999999999994e-01  -5.5511151231257827e-17  -3.5355339059327379e-01   7.9056941504209488e-01
  -0.0000000000000000e+00   5.0000000000000000e-01   3.5355339059327379e-01   7.9056941504209488e-01
  -0.0000000000000000e+00   5.0000000000000000e-01  -3.5355339059327379e-01   7.9056941504209488e-01
  -0.0000000000000000e+00  -5.0000000000000000e-01   3.5355339059327379e-01   7.9056941504209488e-01
  -0.0000000000000000e+00  -5.0000000000000000e-01  -3.5355339059327379e-01   7.9056941504209488e-01
  -4.9999999999999994e-01   5.5511151231257827e-17   3.5355339059327379e-01   7.9056941504209488e-01
  -4.9999999999999994e-01   5.5511151231257827e-17  -3.5355339059327379e-01   7.9056941504209488e-01
  -4.9999999999999994e-01   5.5511151231257827e-17  -3.5355339059327379e-01  -7.9056941504209488e-01
  -4.9999999999999994e-01   5.5511151231257827e-17   3.5355339059327379e-01  -7.9056941504209488e-01
  -0.0000000000000000e+00  -5.0000000000000000e-01  -3.5355339059327379e-01  -7.9056941504209488e-01
  -0.0000000000000000e+00  -5.0000000000000000e-01   3.5355339059327379e-01  -7.9056941504209488e-01
  -0.0000000000000000e+00   5.0000000000000000e-01  -3.5355339059327379e-01  -7.9056941504209488e-01
  -0.0000000000000000e+00   5.0000000000000000e-01   3.5355339059327379e-01  -7.9056941504209488e-01
   4.9999999999999994e-01  -5.5511151231257827e-17  -3.5355339059327379e-01  -7.9056941504209488e-01
   4.9999999999999994e-01  -5.5511151231257827e-17   3.5355339059327379e-01  -7.9056941504209488e-01
   5.0000000000000000e-01  -3.0901699437494751e-01   5.7206140281768436e-01   5.7206140281768436e-01
   5.0000000000000000e-01  -3.0901699437494751e-01   5.7206140281768436e-01  -5.7206140281768436e-01
   5.0000000000000000e-01  -3.0901699437494751e-01  -5.7206140281768436e-01   5.7206140281768436e-01
   5.0000000000000000e-01  -3.0901699437494751e-01  -5.7206140281768436e-01  -5.7206140281768436e-01
  -3.0901699437494745e-01   5.0000000000000000e-01   5.7206140281768436e-01   5.7206140281768436e-01
  -3.0901699437494745e-01   5.0000000000000000e-01   5.7206140281768436e-01  -5.7206140281768436e-01
  -3.0901699437494745e-01   5.0000000000000000e-01  -5.7206140281768436e-01   5.7206140281768436e-01
  -3.0901699437494745e-01   5.0000000000000000e-01  -5.7206140281768436e-01  -5.7206140281768436e-01
  -5.0000000000000000e-01   3.0901699437494751e-01  -5.7206140281768436e-01  -5.7206140281768436e-01
  -5.0000000000000000e-01   3.0901699437494751e-01  -5.7206140281768436e-01   5.7206140281768436e-01
  -5.0000000000000000e-01   3.0901699437494751e-01   5.7206140281768436e-01  -5.7206140281768436e-01
  -5.0000000000000000e-01   3.0901699437494751e-01   5.7206140281768436e-01   5.7206140281768436e-01
   3.0901699437494745e-01  -5.0000000000000000e-01  -5.7206140281768436e-01  -5.7206140281768436e-01
   3.0901699437494745e-01  -5.0000000000000000e-01  -5.7206140281768436e-01   5.7206140281768436e-01
   3.0901699437494745e-01  -5.0000000000000000e-01   5.7206140281768436e-01  -5.7206140281768436e-01
   3.0901699437494745e-01  -5.0000000000000000e-01   5.7206140281768436e-01   5.7206140281768436e-01
   4.9999999999999989e-01   3.0901699437494734e-01   5.7206140281768436e-01   5.7206140281768436e-01
   4.9999999999999989e-01   3.0901699437494734e-01   5.7206140281768436e-01  -5.7206140281768436e-01
   4.9999999999999989e-01   3.0901699437494734e-01  -5.7206140281768436e-01   5.7206140281768436e-01
   4.9999999999999989e-01   3.0901699437494734e-01  -5.7206140281768436e-01  -5.7206140281768436e-01
  -3.0901699437494745e-01  -5.0000000000000000e-01   5.7206140281768436e-01   5.7206140281768436e-01
  -3.0901699437494745e-01  -5.0000000000000000e-01   5.7206140281768436e-01  -5.7206140281768436e-01
  -3.0901699437494745e-01  -5.0000000000000000e-01  -5.7206140281768436e-01   5.7206140281768436e-01
  -3.0901699437494745e-01  -5.0000000000000000e-01  -5.7206140281768436e-01  -5.7206140281768436e-01
  -4.9999999999999989e-01  -3.0901699437494734e-01  -5.7206140281768436e-01  -5.7206140281768436e-01
  -4.9999999999999989e-01  -3.0901699437494734e-01  -5.7206140281768436e-01   5.7206140281768436e-01
  -4.9999999999999989e-01  -3.0901699437494734e-01   5.7206140281768436e-01  -5.7206140281768436e-01
  -4.9999999999999989e-01  -3.0901699437494734e-01   5.7206140281768436e-01   5.7206140281768436e-01
   3.0901699437494745e-01   5.0000000000000000e-01  -5.7206140281768436e-01  -5.7206140281768436e-01
   3.0901699437494745e-01   5.0000000000000000e-01  -5.7206140281768436e-01   5.7206140281768436e-01
   3.0901699437494745e-01   5.0000000000000000e-01   5.7206140281768436e-01  -5.7206140281768436e-01
   3.0901699437494745e-01   5.0000000000000000e-01   5.7206140281768436e-01   5.7206140281768436e-01
   8.0901699437494734e-01  -1.1102230246251565e-16   1.3504537836886324e-01   5.7206140281768436e-01
   8.0901699437494734e-01  -1.1102230246251565e-16   1.3504537836886324e-01  -5.7206140281768436e-01
  -0.0000000000000000e+00   8.0901699437494745e-01   1.3504537836886324e-01   5.7206140281768436e-01
  -0.0000000000000000e+00   8.0901699437494745e-01   1.3504537836886324e-01  -5.7206140281768436e-01
  -0.0000000000000000e+00  -8.0901699437494745e-01   1.3504537836886324e-01   5.7206140281768436e-01
  -0.0000000000000000e+00  -8.0901699437494745e-01   1.3504537836886324e-01  -5.7206140281768436e-01
  -8.0901699437494734e-01   1.1102230246251565e-16   1.3504537836886324e-01   5.7206140281768436e-01
  -8.0901699437494734e-01   1.1102230246251565e-16   1.3504537836886324e-01  -5.7206140281768436e-01
  -8.0901699437494734e-01   1.1102230246251565e-16  -1.3504537836886324e-01  -5.7206140281768436e-01
  -8.0901699437494734e-01   1.1102230246251565e-16  -1.3504537836886324e-01   5.7206140281768436e-01
  -0.0000000000000000e+00  -8.0901699437494745e-01  -1.3504537836886324e-01  -5.7206140281768436e-01
  -0.0000000000000000e+00  -8.0901699437494745e-01  -1.3504537836886324e-01   5.7206140281768436e-01
  -0.0000000000000000e+00   8.0901699437494745e-01  -1.3504537836886324e-01  -5.7206140281768436e-01
  -0.0000000000000000e+00   8.0901699437494745e-01  -1.3504537836886324e-01   5.7206140281768436e-01
   8.0901699437494734e-01  -1.1102230246251565e-16  -1.3504537836886324e-01  -5.7206140281768436e-01
   8.0901699437494734e-01  -1.1102230246251565e-16  -1.3504537836886324e-01   5.7206140281768436e-01
   8.0901699437494734e-01  -1.1102230246251565e-16   5.7206140281768436e-01   1.3504537836886324e-01
   8.0901699437494734e-01  -1.1102230246251565e-16  -5.7206140281768436e-01   1.3504537836886324e-01
  -0.0000000000000000e+00   8.0901699437494745e-01   5.7206140281768436e-01   1.3504537836886324e-01
  -0.0000000000000000e+00   8.0901699437494745e-01  -5.7206140281768436e-01   1.3504537836886324e-01
  -0.0000000000000000e+00  -8.0901699437494745e-01   5.7206140281768436e-01   1.3504537836886324e-01
  -0.0000000000000000e+00  -8.0901699437494745e-01  -5.7206140281768436e-01   1.3504537836886324e-01
  -8.0901699437494734e-01   1.1102230246251565e-16   5.7206140281768436e-01   1.3504537836886324e-01
  -8.0901699437494734e-01   1.1102230246251565e-16  -5.7206140281768436e-01   1.3504537836886324e-01
  -8.0901699437494734e-01   1.1102230246251565e-16  -5.7206140281768436e-01  -1.3504537836886324e-01
  -8.0901699437494734e-01   1.1102230246251565e-16   5.7206140281768436e-01  -1.3504537836886324e-01
  -0.0000000000000000e+00  -8.0901699437494745e-01  -5.7206140281768436e-01  -1.3504537836886324e-01
  -0.0000000000000000e+00  -8.0901699437494745e-01   5.7206140281768436e-01  -1.3504537836886324e-01
  -0.0000000000000000e+00   8.0901699437494745e-01  -5.7206140281768436e-01  -1.3504537836886324e-01
  -0.0000000000000000e+00   8.0901699437494745e-01   5.7206140281768436e-01  -1.3504537836886324e-01
   8.0901699437494734e-01  -1.1102230246251565e-16  -5.7206140281768436e-01  -1.3504537836886324e-01
   8.0901699437494734e-01  -1.1102230246251565e-16   5.7206140281768436e-01  -1.3504537836886324e-01
   8.0901699437494734e-01   5.0000000000000000e-01   2.1850801222441052e-01   2.1850801222441052e-01
   8.0901699437494734e-01   5.0000000000000000e-01   2.1850801222441052e-01  -2.1850801222441052e-01
   8.0901699437494734e-01   5.0000000000000000e-01  -2.1850801222441052e-01   2.1850801222441052e-01
   8.0901699437494734e-01   5.0000000000000000e-01  -2.1850801222441052e-01  -2.1850801222441052e-01
   4.9999999999999989e-01   8.0901699437494734e-01   2.1850801222441052e-01   2.1850801222441052e-01
   4.9999999999999989e-01   8.0901699437494734e-01   2.1850801222441052e-01  -2.1850801222441052e-01
   4.9999999999999989e-01   8.0901699437494734e-01  -2.1850801222441052e-01   2.1850801222441052e-01
   4.9999999999999989e-01   8.0901699437494734e-01  -2.1850801222441052e-01  -2.1850801222441052e-01
  -8.0901699437494734e-01  -5.0000000000000000e-01  -2.1850801222441052e-01  -2.1850801222441052e-01
  -8.0901699437494734e-01  -5.0000000000000000e-01  -2.1850801222441052e-01   2.1850801222441052e-01
  -8.0901699437494734e-01  -5.0000000000000000e-01   2.1850801222441052e-01  -2.1850801222441052e-01
  -8.0901699437494734e-01  -5.0000000000000000e-01   2.1850801222441052e-01   2.1850801222441052e-01
  -4.9999999999999989e-01  -8.0901699437494734e-01  -2.1850801222441052e-01  -2.1850801222441052e-01
  -4.9999999999999989e-01  -8.0901699437494734e-01  -2.1850801222441052e-01   2.1850801222441052e-01
  -4.9999999999999989e-01  -8.0901699437494734e-01   2.1850801222441052e-01  -2.1850801222441052e-01
  -4.9999999999999989e-01  -8.0901699437494734e-01   2.1850801222441052e-01   2.1850801222441052e-01
   8.0901699437494745e-01  -5.0000000000000000e-01   2.1850801222441052e-01   2.1850801222441052e-01
   8.0901699437494745e-01  -5.0000000000000000e-01   2.1850801222441052e-01  -2.1850801222441052e-01
   8.0901699437494745e-01  -5.0000000000000000e-01  -2.1850801222441052e-01   2.1850801222441052e-01
   8.0901699437494745e-01  -5.0000000000000000e-01  -2.1850801222441052e-01  -2.1850801222441052e-01
   5.0000000000000000e-01  -8.0901699437494745e-01   2.1850801222441052e-01   2.1850801222441052e-01
   5.0000000000000000e-01  -8.0901699437494745e-01   2.1850801222441052e-01  -2.1850801222441052e-01
   5.0000000000000000e-01  -8.0901699437494745e-01  -2.1850801222441052e-01   2.1850801222441052e-01
   5.0000000000000000e-01  -8.0901699437494745e-01  -2.1850801222441052e-01  -2.1850801222441052e-01
  -8.0901699437494745e-01   5.0000000000000000e-01  -2.1850801222441052e-01  -2.1850801222441052e-01
  -8.0901699437494745e-01   5.0000000000000000e-01  -2.1850801222441052e-01   2.1850801222441052e-01
  -8.0901699437494745e-01   5.0000000000000000e-01   2.1850801222441052e-01  -2.1850801222441052e-01
  -8.0901699437494745e-01   5.0000000000000000e-01   2.1850801222441052e-01   2.1850801222441052e-01
  -5.0000000000000000e-01   8.0901699437494745e-01  -2.1850801222441052e-01  -2.1850801222441052e-01
  -5.0000000000000000e-01   8.0901699437494745e-01  -2.1850801222441052e-01   2.1850801222441052e-01
  -5.0000000000000000e-01   8.0901699437494745e-01   2.1850801222441052e-01  -2.1850801222441052e-01
  -5.0000000000000000e-01   8.0901699437494745e-01   2.1850801222441052e-01   2.1850801222441052e-01
   3.0901699437494734e-01  -2.7755575615628914e-17   9.2561479341095809e-01   2.1850801222441052e-01
   3.0901699437494734e-01  -2.7755575615628914e-17   9.2561479341095809e-01  -2.1850801222441052e-01
  -0.0000000000000000e+00   3.0901699437494740e-01   9.2561479341095809e-01   2.1850801222441052e-01
  -0.0000000000000000e+00   3.0901699437494740e-01   9.2561479341095809e-01  -2.1850801222441052e-01
  -0.0000000000000000e+00  -3.0901699437494740e-01   9.2561479341095809e-01   2.1850801222441052e-01
  -0.0000000000000000e+00  -3.0901699437494740e-01   9.2561479341095809e-01  -2.1850801222441052e-01
  -3.0901699437494734e-01   2.7755575615628914e-17   9.2561479341095809e-01   2.1850801222441052e-01
  -3.0901699437494734e-01   2.7755575615628914e-17   9.2561479341095809e-01  -2.1850801222441052e-01
  -3.0901699437494734e-01   2.7755575615628914e-17  -9.2561479341095809e-01  -2.1850801222441052e-01
  -3.0901699437494734e-01   2.7755575615628914e-17  -9.2561479341095809e-01   2.1850801222441052e-01
  -0.0000000000000000e+00  -3.0901699437494740e-01  -9.2561479341095809e-01  -2.1850801222441052e-01
  -0.0000000000000000e+00  -3.0901699437494740e-01  -9.2561479341095809e-01   2.1850801222441052e-01
  -0.0000000000000000e+00   3.0901699437494740e-01  -9.2561479341095809e-01  -2.1850801222441052e-01
  -0.0000000000000000e+00   3.0901699437494740e-01  -9.2561479341095809e-01   2.1850801222441052e-01
   3.0901699437494734e-01  -2.7755575615628914e-17  -9.2561479341095809e-01  -2.1850801222441052e-01
   3.0901699437494734e-01  -2.7755575615628914e-17  -9.2561479341095809e-01   2.1850801222441052e-01
   3.0901699437494734e-01  -2.7755575615628914e-17   2.1850801222441052e-01   9.2561479341095809e-01
   3.0901699437494734e-01  -2.7755575615628914e-17  -2.1850801222441052e-01   9.2561479341095809e-01
  -0.0000000000000000e+00   3.0901699437494740e-01   2.1850801222441052e-01   9.2561479341095809e-01
  -0.0000000000000000e+00   3.0901699437494740e-01  -2.1850801222441052e-01   9.2561479341095809e-01
  -0.0000000000000000e+00  -3.0901699437494740e-01   2.1850801222441052e-01   9.2561479341095809e-01
  -0.0000000000000000e+00  -3.0901699437494740e-01  -2.1850801222441052e-01   9.2561479341095809e-01
  -3.0901699437494734e-01   2.7755575615628914e-17   2.1850801222441052e-01   9.2561479341095809e-01
  -3.0901699437494734e-01   2.7755575615628914e-17  -2.1850801222441052e-01   9.2561479341095809e-01
  -3.0901699437494734e-01   2.7755575615628914e-17  -2.1850801222441052e-01  -9.2561479341095809e-01
  -3.0901699437494734e-01   2.7755575615628914e-17   2.1850801222441052e-01  -9.2561479341095809e-01
  -0.0000000000000000e+00  -3.0901699437494740e-01  -2.1850801222441052e-01  -9.2561479341095809e-01
  -0.0000000000000000e+00  -3.0901699437494740e-01   2.1850801222441052e-01  -9.2561479341095809e-01
  -0.0000000000000000e+00   3.0901699437494740e-01  -2.1850801222441052e-01  -9.2561479341095809e-01
  -0.0000000000000000e+00   3.0901699437494740e-01   2.1850801222441052e-01  -9.2561479341095809e-01
   3.0901699437494734e-01  -2.7755575615628914e-17  -2.1850801222441052e-01  -9.2561479341095809e-01
   3.0901699437494734e-01  -2.7755575615628914e-17   2.1850801222441052e-01  -9.2561479341095809e-01
   7.4999999999999989e-01   5.5901699437494734e-01   3.5355339059327379e-01   0.0000000000000000e+00
   7.4999999999999989e-01   5.5901699437494734e-01  -3.5355339059327379e-01   0.0000000000000000e+00
   5.5901699437494734e-01   7.4999999999999989e-01   3.5355339059327379e-01   0.0000000000000000e+00
   5.5901699437494734e-01   7.4999999999999989e-01  -3.5355339059327379e-01   0.0000000000000000e+00
  -7.4999999999999989e-01  -5.5901699437494734e-01  -3.5355339059327379e-01  -0.0000000000000000e+00
  -7.4999999999999989e-01  -5.5901699437494734e-01   3.5355339059327379e-01  -0.0000000000000000e+00
  -5.5901699437494734e-01  -7.4999999999999989e-01  -3.5355339059327379e-01  -0.0000000000000000e+00
  -5.5901699437494734e-01  -7.4999999999999989e-01   3.5355339059327379e-01  -0.0000000000000000e+00
   9.0450849718747361e-01   4.0450849718747367e-01   0.0000000000000000e+00   1.3504537836886324e-01
   4.0450849718747361e-01   9.0450849718747373e-01   0.0000000000000000e+00   1.3504537836886324e-01
   9.0450849718747361e-01   4.0450849718747367e-01   0.0000000000000000e+00  -1.3504537836886324e-01
   4.0450849718747361e-01   9.0450849718747373e-01   0.0000000000000000e+00  -1.3504537836886324e-01
  -9.0450849718747361e-01  -4.0450849718747367e-01  -0.0000000000000000e+00  -1.3504537836886324e-01
  -4.0450849718747361e-01  -9.0450849718747373e-01  -0.0000000000000000e+00  -1.3504537836886324e-01
  -9.0450849718747361e-01  -4.0450849718747367e-01  -0.0000000000000000e+00   1.3504537836886324e-01
  -4.0450849718747361e-01  -9.0450849718747373e-01  -0.0000000000000000e+00   1.3504537836886324e-01
   6.5450849718747361e-01   6.5450849718747361e-01   1.3504537836886324e-01   3.5355339059327379e-01
   6.5450849718747361e-01   6.5450849718747361e-01   1.3504537836886324e-01  -3.5355339059327379e-01
   6.5450849718747361e-01   6.5450849718747361e-01  -1.3504537836886324e-01   3.5355339059327379e-01
   6.5450849718747361e-01   6.5450849718747361e-01  -1.3504537836886324e-01  -3.5355339059327379e-01
  -6.5450849718747361e-01  -6.5450849718747361e-01  -1.3504537836886324e-01  -3.5355339059327379e-01
  -6.5450849718747361e-01  -6.5450849718747361e-01  -1.3504537836886324e-01   3.5355339059327379e-01
  -6.5450849718747361e-01  -6.5450849718747361e-01   1.3504537836886324e-01  -3.5355339059327379e-01
  -6.5450849718747361e-01  -6.5450849718747361e-01   1.3504537836886324e-01   3.5355339059327379e-01
   7.5000000000000000e-01  -5.5901699437494745e-01   0.0000000000000000e+00   3.5355339059327379e-01
   7.5000000000000000e-01  -5.5901699437494745e-01   0.0000000000000000e+00  -3.5355339059327379e-01
   5.5901699437494734e-01  -7.5000000000000000e-01   0.0000000000000000e+00   3.5355339059327379e-01
   5.5901699437494734e-01  -7.5000000000000000e-01   0.0000000000000000e+00  -3.5355339059327379e-01
  -7.5000000000000000e-01   5.5901699437494745e-01  -0.0000000000000000e+00  -3.5355339059327379e-01
  -7.5000000000000000e-01   5.5901699437494745e-01  -0.0000000000000000e+00   3.5355339059327379e-01
  -5.5901699437494734e-01   7.5000000000000000e-01  -0.0000000000000000e+00  -3.5355339059327379e-01
  -5.5901699437494734e-01   7.5000000000000000e-01  -0.0000000000000000e+00   3.5355339059327379e-01
   3.4549150281252627e-01  -1.5450849718747373e-01   9.2561479341095809e-01   0.0000000000000000e+00
  -1.5450849718747373e-01   3.4549150281252633e-01   9.2561479341095809e-01   0.0000000000000000e+00
   1.5450849718747373e-01  -3.4549150281252633e-01   9.2561479341095809e-01   0.0000000000000000e+00
  -3.4549150281252627e-01   1.5450849718747373e-01   9.2561479341095809e-01   0.0000000000000000e+00
  -3.4549150281252627e-01   1.5450849718747373e-01  -9.2561479341095809e-01  -0.0000000000000000e+00
   1.5450849718747373e-01  -3.4549150281252633e-01  -9.2561479341095809e-01  -0.0000000000000000e+00
  -1.5450849718747373e-01   3.4549150281252633e-01  -9.2561479341095809e-01  -0.0000000000000000e+00
   3.4549150281252627e-01  -1.5450849718747373e-01  -9.2561479341095809e-01  -0.0000000000000000e+00
   9.5491502812526302e-02   9.5491502812526302e-02   3.5355339059327379e-01   9.2561479341095809e-01
   9.5491502812526302e-02   9.5491502812526302e-02  -3.5355339059327379e-01   9.2561479341095809e-01
  -9.5491502812526302e-02  -9.5491502812526302e-02   3.5355339059327379e-01   9.2561479341095809e-01
  -9.5491502812526302e-02  -9.5491502812526302e-02  -3.5355339059327379e-01   9.2561479341095809e-01
  -9.5491502812526302e-02  -9.5491502812526302e-02  -3.5355339059327379e-01  -9.2561479341095809e-01
  -9.5491502812526302e-02  -9.5491502812526302e-02   3.5355339059327379e-01  -9.2561479341095809e-01
   9.5491502812526302e-02   9.5491502812526302e-02  -3.5355339059327379e-01  -9.2561479341095809e-01
   9.5491502812526302e-02   9.5491502812526302e-02   3.5355339059327379e-01  -9.2561479341095809e-01
   9.0450849718747373e-01  -4.0450849718747373e-01   1.3504537836886324e-01   0.0000000000000000e+00
   4.0450849718747373e-01  -9.0450849718747373e-01   1.3504537836886324e-01   0.0000000000000000e+00
   9.0450849718747373e-01  -4.0450849718747373e-01  -1.3504537836886324e-01   0.0000000000000000e+00
   4.0450849718747373e-01  -9.0450849718747373e-01  -1.3504537836886324e-01   0.0000000000000000e+00
  -9.0450849718747373e-01   4.0450849718747373e-01  -1.3504537836886324e-01  -0.0000000000000000e+00
  -4.0450849718747373e-01   9.0450849718747373e-01  -1.3504537836886324e-01  -0.0000000000000000e+00
  -9.0450849718747373e-01   4.0450849718747373e-01   1.3504537836886324e-01  -0.0000000000000000e+00
  -4.0450849718747373e-01   9.0450849718747373e-01   1.3504537836886324e-01  -0.0000000000000000e+00
   3.4549150281252622e-01   1.5450849718747370e-01   0.0000000000000000e+00   9.2561479341095809e-01
  -1.5450849718747378e-01  -3.4549150281252633e-01   0.0000000000000000e+00   9.2561479341095809e-01
   1.5450849718747378e-01   3.4549150281252633e-01   0.0000000000000000e+00   9.2561479341095809e-01
  -3.4549150281252622e-01  -1.5450849718747370e-01   0.0000000000000000e+00   9.2561479341095809e-01
  -3.4549150281252622e-01  -1.5450849718747370e-01  -0.0000000000000000e+00  -9.2561479341095809e-01
   1.5450849718747378e-01   3.4549150281252633e-01  -0.0000000000000000e+00  -9.2561479341095809e-01
  -1.5450849718747378e-01  -3.4549150281252633e-01  -0.0000000000000000e+00  -9.2561479341095809e-01
   3.4549150281252622e-01   1.5450849718747370e-01  -0.0000000000000000e+00  -9.2561479341095809e-01
   2.4999999999999994e-01   2.4999999999999997e-01   9.2561479341095809e-01   1.3504537836886324e-01
  -2.4999999999999994e-01  -2.4999999999999997e-01   9.2561479341095809e-01   1.3504537836886324e-01
   2.4999999999999994e-01   2.4999999999999997e-01   9.2561479341095809e-01  -1.3504537836886324e-01
  -2.4999999999999994e-01  -2.4999999999999997e-01   9.2561479341095809e-01  -1.3504537836886324e-01
  -2.4999999999999994e-01  -2.4999999999999997e-01  -9.2561479341095809e-01  -1.3504537836886324e-01
   2.4999999999999994e-01   2.4999999999999997e-01  -9.2561479341095809e-01  -1.3504537836886324e-01
  -2.4999999999999994e-01  -2.4999999999999997e-01  -9.2561479341095809e-01   1.3504537836886324e-01
   2.4999999999999994e-01   2.4999999999999997e-01  -9.2561479341095809e-01   1.3504537836886324e-01
   6.5450849718747373e-01  -6.5450849718747373e-01   3.5355339059327379e-01   1.3504537836886324e-01
   6.5450849718747373e-01  -6.5450849718747373e-01  -3.5355339059327379e-01   1.3504537836886324e-01
   6.5450849718747373e-01  -6.5450849718747373e-01   3.5355339059327379e-01  -1.3504537836886324e-01
   6.5450849718747373e-01  -6.5450849718747373e-01  -3.5355339059327379e-01  -1.3504537836886324e-01
  -6.5450849718747373e-01   6.5450849718747373e-01  -3.5355339059327379e-01  -1.3504537836886324e-01
  -6.5450849718747373e-01   6.5450849718747373e-01   3.5355339059327379e-01  -1.3504537836886324e-01
  -6.5450849718747373e-01   6.5450849718747373e-01  -3.5355339059327379e-01   1.3504537836886324e-01
  -6.5450849718747373e-01   6.5450849718747373e-01   3.5355339059327379e-01   1.3504537836886324e-01
   9.5491502812526288e-02  -9.5491502812526302e-02   9.2561479341095809e-01   3.5355339059327379e-01
   9.5491502812526288e-02  -9.5491502812526302e-02   9.2561479341095809e-01  -3.5355339059327379e-01
  -9.5491502812526288e-02   9.5491502812526302e-02   9.2561479341095809e-01   3.5355339059327379e-01
  -9.5491502812526288e-02   9.5491502812526302e-02   9.2561479341095809e-01  -3.5355339059327379e-01
  -9.5491502812526288e-02   9.5491502812526302e-02  -9.2561479341095809e-01  -3.5355339059327379e-01
  -9.5491502812526288e-02   9.5491502812526302e-02  -9.2561479341095809e-01   3.5355339059327379e-01
   9.5491502812526288e-02  -9.5491502812526302e-02  -9.2561479341095809e-01  -3.5355339059327379e-01
   9.5491502812526288e-02  -9.5491502812526302e-02  -9.2561479341095809e-01   3.5355339059327379e-01
   2.5000000000000000e-01  -2.5000000000000000e-01   1.3504537836886324e-01   9.2561479341095809e-01
  -2.5000000000000000e-01   2.5000000000000000e-01   1.3504537836886324e-01   9.2561479341095809e-01
   2.5000000000000000e-01  -2.5000000000000000e-01  -1.3504537836886324e-01   9.2561479341095809e-01
  -2.5000000000000000e-01   2.5000000000000000e-01  -1.3504537836886324e-01   9.2561479341095809e-01
  -2.5000000000000000e-01   2.5000000000000000e-01  -1.3504537836886324e-01  -9.2561479341095809e-01
   2.5000000000000000e-01  -2.5000000000000000e-01  -1.3504537836886324e-01  -9.2561479341095809e-01
  -2.5000000000000000e-01   2.5000000000000000e-01   1.3504537836886324e-01  -9.2561479341095809e-01
   2.5000000000000000e-01  -2.5000000000000000e-01   1.3504537836886324e-01  -9.2561479341095809e-01
   7.1352549156242129e-01   4.0450849718747384e-01   5.7206140281768436e-01   0.0000000000000000e+00
   7.1352549156242129e-01   4.0450849718747384e-01  -5.7206140281768436e-01   0.0000000000000000e+00
   4.0450849718747361e-01   7.1352549156242107e-01   5.7206140281768436e-01   0.0000000000000000e+00
   4.0450849718747361e-01   7.1352549156242107e-01  -5.7206140281768436e-01   0.0000000000000000e+00
  -7.1352549156242129e-01  -4.0450849718747384e-01  -5.7206140281768436e-01  -0.0000000000000000e+00
  -7.1352549156242129e-01  -4.0450849718747384e-01   5.7206140281768436e-01  -0.0000000000000000e+00
  -4.0450849718747361e-01  -7.1352549156242107e-01  -5.7206140281768436e-01  -0.0000000000000000e+00
  -4.0450849718747361e-01  -7.1352549156242107e-01   5.7206140281768436e-01  -0.0000000000000000e+00
   9.6352549156242107e-01   1.5450849718747361e-01   0.0000000000000000e+00   2.1850801222441052e-01
   1.5450849718747373e-01   9.6352549156242118e-01   0.0000000000000000e+00   2.1850801222441052e-01
   9.6352549156242107e-01   1.5450849718747361e-01   0.0000000000000000e+00  -2.1850801222441052e-01
   1.5450849718747373e-01   9.6352549156242118e-01   0.0000000000000000e+00  -2.1850801222441052e-01
  -9.6352549156242107e-01  -1.5450849718747361e-01  -0.0000000000000000e+00  -2.1850801222441052e-01
  -1.5450849718747373e-01  -9.6352549156242118e-01  -0.0000000000000000e+00  -2.1850801222441052e-01
  -9.6352549156242107e-01  -1.5450849718747361e-01  -0.0000000000000000e+00   2.1850801222441052e-01
  -1.5450849718747373e-01  -9.6352549156242118e-01  -0.0000000000000000e+00   2.1850801222441052e-01
   5.5901699437494734e-01   5.5901699437494734e-01   2.1850801222441052e-01   5.7206140281768436e-01
   5.5901699437494734e-01   5.5901699437494734e-01   2.1850801222441052e-01  -5.7206140281768436e-01
   5.5901699437494734e-01   5.5901699437494734e-01  -2.1850801222441052e-01   5.7206140281768436e-01
   5.5901699437494734e-01   5.5901699437494734e-01  -2.1850801222441052e-01  -5.7206140281768436e-01
  -5.5901699437494734e-01  -5.5901699437494734e-01  -2.1850801222441052e-01  -5.7206140281768436e-01
  -5.5901699437494734e-01  -5.5901699437494734e-01  -2.1850801222441052e-01   5.7206140281768436e-01
  -5.5901699437494734e-01  -5.5901699437494734e-01   2.1850801222441052e-01  -5.7206140281768436e-01
  -5.5901699437494734e-01  -5.5901699437494734e-01   2.1850801222441052e-01   5.7206140281768436e-01
   7.1352549156242107e-01  -4.0450849718747378e-01   0.0000000000000000e+00   5.7206140281768436e-01
   7.1352549156242107e-01  -4.0450849718747378e-01   0.0000000000000000e+00  -5.7206140281768436e-01
   4.0450849718747373e-01  -7.1352549156242118e-01   0.0000000000000000e+00   5.7206140281768436e-01
   4.0450849718747373e-01  -7.1352549156242118e-01   0.0000000000000000e+00  -5.7206140281768436e-01
  -7.1352549156242107e-01   4.0450849718747378e-01  -0.0000000000000000e+00  -5.7206140281768436e-01
  -7.1352549156242107e-01   4.0450849718747378e-01  -0.0000000000000000e+00   5.7206140281768436e-01
  -4.0450849718747373e-01   7.1352549156242118e-01  -0.0000000000000000e+00  -5.7206140281768436e-01
  -4.0450849718747373e-01   7.1352549156242118e-01  -0.0000000000000000e+00   5.7206140281768436e-01
   5.5901699437494745e-01  -2.5000000000000006e-01   7.9056941504209488e-01   0.0000000000000000e+00
  -2.5000000000000006e-01   5.5901699437494745e-01   7.9056941504209488e-01   0.0000000000000000e+00
   2.5000000000000006e-01  -5.5901699437494745e-01   7.9056941504209488e-01   0.0000000000000000e+00
  -5.5901699437494745e-01   2.5000000000000006e-01   7.9056941504209488e-01   0.0000000000000000e+00
  -5.5901699437494745e-01   2.5000000000000006e-01  -7.9056941504209488e-01  -0.0000000000000000e+00
   2.5000000000000006e-01  -5.5901699437494745e-01  -7.9056941504209488e-01  -0.0000000000000000e+00
  -2.5000000000000006e-01   5.5901699437494745e-01  -7.9056941504209488e-01  -0.0000000000000000e+00
   5.5901699437494745e-01  -2.5000000000000006e-01  -7.9056941504209488e-01  -0.0000000000000000e+00
   1.5450849718747367e-01   1.5450849718747367e-01   5.7206140281768436e-01   7.9056941504209488e-01
   1.5450849718747367e-01   1.5450849718747367e-01  -5.7206140281768436e-01   7.9056941504209488e-01
  -1.5450849718747367e-01  -1.5450849718747367e-01   5.7206140281768436e-01   7.9056941504209488e-01
  -1.5450849718747367e-01  -1.5450849718747367e-01  -5.7206140281768436e-01   7.9056941504209488e-01
  -1.5450849718747367e-01  -1.5450849718747367e-01  -5.7206140281768436e-01  -7.9056941504209488e-01
  -1.5450849718747367e-01  -1.5450849718747367e-01   5.7206140281768436e-01  -7.9056941504209488e-01
   1.5450849718747367e-01   1.5450849718747367e-01  -5.7206140281768436e-01  -7.9056941504209488e-01
   1.5450849718747367e-01   1.5450849718747367e-01   5.7206140281768436e-01  -7.9056941504209488e-01
   9.6352549156242107e-01  -1.5450849718747384e-01   2.1850801222441052e-01   0.0000000000000000e+00
   1.5450849718747367e-01  -9.6352549156242118e-01   2.1850801222441052e-01   0.0000000000000000e+00
   9.6352549156242107e-01  -1.5450849718747384e-01  -2.1850801222441052e-01   0.0000000000000000e+00
   1.5450849718747367e-01  -9.6352549156242118e-01  -2.1850801222441052e-01   0.0000000000000000e+00
  -9.6352549156242107e-01   1.5450849718747384e-01  -2.1850801222441052e-01  -0.0000000000000000e+00
  -1.5450849718747367e-01   9.6352549156242118e-01  -2.1850801222441052e-01  -0.0000000000000000e+00
  -9.6352549156242107e-01   1.5450849718747384e-01   2.1850801222441052e-01  -0.0000000000000000e+00
  -1.5450849718747367e-01   9.6352549156242118e-01   2.1850801222441052e-01  -0.0000000000000000e+00
   5.5901699437494756e-01   2.5000000000000011e-01   0.0000000000000000e+00   7.9056941504209488e-01
  -2.5000000000000000e-01  -5.5901699437494745e-01   0.0000000000000000e+00   7.9056941504209488e-01
   2.5000000000000000e-01   5.5901699437494745e-01   0.0000000000000000e+00   7.9056941504209488e-01
  -5.5901699437494756e-01  -2.5000000000000011e-01   0.0000000000000000e+00   7.9056941504209488e-01
  -5.5901699437494756e-01  -2.5000000000000011e-01  -0.0000000000000000e+00  -7.9056941504209488e-01
   2.5000000000000000e-01   5.5901699437494745e-01  -0.0000000000000000e+00  -7.9056941504209488e-01
  -2.5000000000000000e-01  -5.5901699437494745e-01  -0.0000000000000000e+00  -7.9056941504209488e-01
   5.5901699437494756e-01   2.5000000000000011e-01  -0.0000000000000000e+00  -7.9056941504209488e-01
   4.0450849718747373e-01   4.0450849718747373e-01   7.9056941504209488e-01   2.1850801222441052e-01
  -4.0450849718747373e-01  -4.0450849718747373e-01   7.9056941504209488e-01   2.1850801222441052e-01
   4.0450849718747373e-01   4.0450849718747373e-01   7.9056941504209488e-01  -2.1850801222441052e-01
  -4.0450849718747373e-01  -4.0450849718747373e-01   7.9056941504209488e-01  -2.1850801222441052e-01
  -4.0450849718747373e-01  -4.0450849718747373e-01  -7.9056941504209488e-01  -2.1850801222441052e-01
   4.0450849718747373e-01   4.0450849718747373e-01  -7.9056941504209488e-01  -2.1850801222441052e-01
  -4.0450849718747373e-01  -4.0450849718747373e-01  -7.9056941504209488e-01   2.1850801222441052e-01
   4.0450849718747373e-01   4.0450849718747373e-01  -7.9056941504209488e-01   2.1850801222441052e-01
   5.5901699437494745e-01  -5.5901699437494745e-01   5.7206140281768436e-01   2.1850801222441052e-01
   5.5901699437494745e-01  -5.5901699437494745e-01  -5.7206140281768436e-01   2.1850801222441052e-01
   5.5901699437494745e-01  -5.5901699437494745e-01   5.7206140281768436e-01  -2.1850801222441052e-01
   5.5901699437494745e-01  -5.5901699437494745e-01  -5.7206140281768436e-01  -2.1850801222441052e-01
  -5.5901699437494745e-01   5.5901699437494745e-01  -5.7206140281768436e-01  -2.1850801222441052e-01
  -5.5901699437494745e-01   5.5901699437494745e-01   5.7206140281768436e-01  -2.1850801222441052e-01
  -5.5901699437494745e-01   5.5901699437494745e-01  -5.7206140281768436e-01   2.1850801222441052e-01
  -5.5901699437494745e-01   5.5901699437494745e-01   5.7206140281768436e-01   2.1850801222441052e-01
   1.5450849718747370e-01  -1.5450849718747370e-01   7.9056941504209488e-01   5.7206140281768436e-01
   1.5450849718747370e-01  -1.5450849718747370e-01   7.9056941504209488e-01  -5.7206140281768436e-01
  -1.5450849718747370e-01   1.5450849718747370e-01   7.9056941504209488e-01   5.7206140281768436e-01
  -1.5450849718747370e-01   1.5450849718747370e-01   7.9056941504209488e-01  -5.7206140281768436e-01
  -1.5450849718747370e-01   1.5450849718747370e-01  -7.9056941504209488e-01  -5.7206140281768436e-01
  -1.5450849718747370e-01   1.5450849718747370e-01  -7.9056941504209488e-01   5.7206140281768436e-01
   1.5450849718747370e-01  -1.5450849718747370e-01  -7.9056941504209488e-01  -5.7206140281768436e-01
   1.5450849718747370e-01  -1.5450849718747370e-01  -7.9056941504209488e-01   5.7206140281768436e-01
   4.0450849718747373e-01  -4.0450849718747378e-01   2.1850801222441052e-01   7.9056941504209488e-01
  -4.0450849718747373e-01   4.0450849718747378e-01   2.1850801222441052e-01   7.9056941504209488e-01
   4.0450849718747373e-01  -4.0450849718747378e-01  -2.1850801222441052e-01   7.9056941504209488e-01
  -4.0450849718747373e-01   4.0450849718747378e-01  -2.1850801222441052e-01   7.9056941504209488e-01
  -4.0450849718747373e-01   4.0450849718747378e-01  -2.1850801222441052e-01  -7.9056941504209488e-01
   4.0450849718747373e-01  -4.0450849718747378e-01  -2.1850801222441052e-01  -7.9056941504209488e-01
  -4.0450849718747373e-01   4.0450849718747378e-01   2.1850801222441052e-01  -7.9056941504209488e-01
   4.0450849718747373e-01  -4.0450849718747378e-01   2.1850801222441052e-01  -7.9056941504209488e-01
   7.5000000000000011e-01   2.5000000000000006e-01   5.7206140281768436e-01   2.1850801222441052e-01
   7.5000000000000011e-01   2.5000000000000006e-01   5.7206140281768436e-01  -2.1850801222441052e-01
   7.5000000000000011e-01   2.5000000000000006e-01  -5.7206140281768436e-01   2.1850801222441052e-01
   7.5000000000000011e-01   2.5000000000000006e-01  -5.7206140281768436e-01  -2.1850801222441052e-01
   2.5000000000000000e-01   7.5000000000000000e-01   5.7206140281768436e-01   2.1850801222441052e-01
   2.5000000000000000e-01   7.5000000000000000e-01   5.7206140281768436e-01  -2.1850801222441052e-01
   2.5000000000000000e-01   7.5000000000000000e-01  -5.7206140281768436e-01   2.1850801222441052e-01
   2.5000000000000000e-01   7.5000000000000000e-01  -5.7206140281768436e-01  -2.1850801222441052e-01
  -7.5000000000000011e-01  -2.5000000000000006e-01  -5.7206140281768436e-01  -2.1850801222441052e-01
  -7.5000000000000011e-01  -2.5000000000000006e-01  -5.7206140281768436e-01   2.1850801222441052e-01
  -7.5000000000000011e-01  -2.5000000000000006e-01   5.7206140281768436e-01  -2.1850801222441052e-01
  -7.5000000000000011e-01  -2.5000000000000006e-01   5.7206140281768436e-01   2.1850801222441052e-01
  -2.5000000000000000e-01  -7.5000000000000000e-01  -5.7206140281768436e-01  -2.1850801222441052e-01
  -2.5000000000000000e-01  -7.5000000000000000e-01  -5.7206140281768436e-01   2.1850801222441052e-01
  -2.5000000000000000e-01  -7.5000000000000000e-01   5.7206140281768436e-01  -2.1850801222441052e-01
  -2.5000000000000000e-01  -7.5000000000000000e-01   5.7206140281768436e-01   2.1850801222441052e-01
   9.0450849718747361e-01   9.5491502812526163e-02   2.1850801222441052e-01   3.5355339059327379e-01
   9.0450849718747361e-01   9.5491502812526163e-02  -2.1850801222441052e-01   3.5355339059327379e-01
   9.5491502812526274e-02   9.0450849718747373e-01   2.1850801222441052e-01   3.5355339059327379e-01
   9.5491502812526274e-02   9.0450849718747373e-01  -2.1850801222441052e-01   3.5355339059327379e-01
   9.0450849718747361e-01   9.5491502812526163e-02   2.1850801222441052e-01  -3.5355339059327379e-01
   9.0450849718747361e-01   9.5491502812526163e-02  -2.1850801222441052e-01  -3.5355339059327379e-01
   9.5491502812526274e-02   9.0450849718747373e-01   2.1850801222441052e-01  -3.5355339059327379e-01
   9.5491502812526274e-02   9.0450849718747373e-01  -2.1850801222441052e-01  -3.5355339059327379e-01
  -9.0450849718747361e-01  -9.5491502812526163e-02  -2.1850801222441052e-01  -3.5355339059327379e-01
  -9.0450849718747361e-01  -9.5491502812526163e-02   2.1850801222441052e-01  -3.5355339059327379e-01
  -9.5491502812526274e-02  -9.0450849718747373e-01  -2.1850801222441052e-01  -3.5355339059327379e-01
  -9.5491502812526274e-02  -9.0450849718747373e-01   2.1850801222441052e-01  -3.5355339059327379e-01
  -9.0450849718747361e-01  -9.5491502812526163e-02  -2.1850801222441052e-01   3.5355339059327379e-01
  -9.0450849718747361e-01  -9.5491502812526163e-02   2.1850801222441052e-01   3.5355339059327379e-01
  -9.5491502812526274e-02  -9.0450849718747373e-01  -2.1850801222441052e-01   3.5355339059327379e-01
  -9.5491502812526274e-02  -9.0450849718747373e-01   2.1850801222441052e-01   3.5355339059327379e-01
   6.5450849718747384e-01   3.4549150281252639e-01   3.5355339059327379e-01   5.7206140281768436e-01
   3.4549150281252616e-01   6.5450849718747373e-01   3.5355339059327379e-01   5.7206140281768436e-01
   6.5450849718747384e-01   3.4549150281252639e-01   3.5355339059327379e-01  -5.7206140281768436e-01
   3.4549150281252616e-01   6.5450849718747373e-01   3.5355339059327379e-01  -5.7206140281768436e-01
   6.5450849718747384e-01   3.4549150281252639e-01  -3.5355339059327379e-01   5.7206140281768436e-01
   3.4549150281252616e-01   6.5450849718747373e-01  -3.5355339059327379e-01   5.7206140281768436e-01
   6.5450849718747384e-01   3.4549150281252639e-01  -3.5355339059327379e-01  -5.7206140281768436e-01
   3.4549150281252616e-01   6.5450849718747373e-01  -3.5355339059327379e-01  -5.7206140281768436e-01
  -6.5450849718747384e-01  -3.4549150281252639e-01  -3.5355339059327379e-01  -5.7206140281768436e-01
  -3.4549150281252616e-01  -6.5450849718747373e-01  -3.5355339059327379e-01  -5.7206140281768436e-01
  -6.5450849718747384e-01  -3.4549150281252639e-01  -3.5355339059327379e-01   5.7206140281768436e-01
  -3.4549150281252616e-01  -6.5450849718747373e-01  -3.5355339059327379e-01   5.7206140281768436e-01
  -6.5450849718747384e-01  -3.4549150281252639e-01   3.5355339059327379e-01  -5.7206140281768436e-01
  -3.4549150281252616e-01  -6.5450849718747373e-01   3.5355339059327379e-01  -5.7206140281768436e-01
  -6.5450849718747384e-01  -3.4549150281252639e-01   3.5355339059327379e-01   5.7206140281768436e-01
  -3.4549150281252616e-01  -6.5450849718747373e-01   3.5355339059327379e-01   5.7206140281768436e-01
   7.5000000000000000e-01  -2.5000000000000006e-01   2.1850801222441052e-01   5.7206140281768436e-01
   7.5000000000000000e-01  -2.5000000000000006e-01  -2.1850801222441052e-01   5.7206140281768436e-01
   7.5000000000000000e-01  -2.5000000000000006e-01   2.1850801222441052e-01  -5.7206140281768436e-01
   7.5000000000000000e-01  -2.5000000000000006e-01  -2.1850801222441052e-01  -5.7206140281768436e-01
   2.5000000000000000e-01  -7.5000000000000000e-01   2.1850801222441052e-01   5.7206140281768436e-01
   2.5000000000000000e-01  -7.5000000000000000e-01  -2.1850801222441052e-01   5.7206140281768436e-01
   2.5000000000000000e-01  -7.5000000000000000e-01   2.1850801222441052e-01  -5.7206140281768436e-01
   2.5000000000000000e-01  -7.5000000000000000e-01  -2.1850801222441052e-01  -5.7206140281768436e-01
  -7.5000000000000000e-01   2.5000000000000006e-01  -2.1850801222441052e-01  -5.7206140281768436e-01
  -7.5000000000000000e-01   2.5000000000000006e-01   2.1850801222441052e-01  -5.7206140281768436e-01
  -7.5000000000000000e-01   2.5000000000000006e-01  -2.1850801222441052e-01   5.7206140281768436e-01
  -7.5000000000000000e-01   2.5000000000000006e-01   2.1850801222441052e-01   5.7206140281768436e-01
  -2.5000000000000000e-01   7.5000000000000000e-01  -2.1850801222441052e-01  -5.7206140281768436e-01
  -2.5000000000000000e-01   7.5000000000000000e-01   2.1850801222441052e-01  -5.7206140281768436e-01
  -2.5000000000000000e-01   7.5000000000000000e-01  -2.1850801222441052e-01   5.7206140281768436e-01
  -2.5000000000000000e-01   7.5000000000000000e-01   2.1850801222441052e-01   5.7206140281768436e-01
   6.5450849718747373e-01  -1.5450849718747378e-01   7.0710678118654757e-01   2.1850801222441052e-01
   6.5450849718747373e-01  -1.5450849718747378e-01   7.0710678118654757e-01  -2.1850801222441052e-01
  -1.5450849718747373e-01   6.5450849718747373e-01   7.0710678118654757e-01   2.1850801222441052e-01
  -1.5450849718747373e-01   6.5450849718747373e-01   7.0710678118654757e-01  -2.1850801222441052e-01
   1.5450849718747373e-01  -6.5450849718747373e-01   7.0710678118654757e-01   2.1850801222441052e-01
   1.5450849718747373e-01  -6.5450849718747373e-01   7.0710678118654757e-01  -2.1850801222441052e-01
  -6.5450849718747373e-01   1.5450849718747378e-01   7.0710678118654757e-01   2.1850801222441052e-01
  -6.5450849718747373e-01   1.5450849718747378e-01   7.0710678118654757e-01  -2.1850801222441052e-01
  -6.5450849718747373e-01   1.5450849718747378e-01  -7.0710678118654757e-01  -2.1850801222441052e-01
  -6.5450849718747373e-01   1.5450849718747378e-01  -7.0710678118654757e-01   2.1850801222441052e-01
   1.5450849718747373e-01  -6.5450849718747373e-01  -7.0710678118654757e-01  -2.1850801222441052e-01
   1.5450849718747373e-01  -6.5450849718747373e-01  -7.0710678118654757e-01   2.1850801222441052e-01
  -1.5450849718747373e-01   6.5450849718747373e-01  -7.0710678118654757e-01  -2.1850801222441052e-01
  -1.5450849718747373e-01   6.5450849718747373e-01  -7.0710678118654757e-01   2.1850801222441052e-01
   6.5450849718747373e-01  -1.5450849718747378e-01  -7.0710678118654757e-01  -2.1850801222441052e-01
   6.5450849718747373e-01  -1.5450849718747378e-01  -7.0710678118654757e-01   2.1850801222441052e-01
   4.0450849718747367e-01   9.5491502812526274e-02   5.7206140281768436e-01   7.0710678118654757e-01
   9.5491502812526330e-02   4.0450849718747373e-01   5.7206140281768436e-01   7.0710678118654757e-01
   4.0450849718747367e-01   9.5491502812526274e-02  -5.7206140281768436e-01   7.0710678118654757e-01
   9.5491502812526330e-02   4.0450849718747373e-01  -5.7206140281768436e-01   7.0710678118654757e-01
  -9.5491502812526330e-02  -4.0450849718747373e-01   5.7206140281768436e-01   7.0710678118654757e-01
  -4.0450849718747367e-01  -9.5491502812526274e-02   5.7206140281768436e-01   7.0710678118654757e-01
  -9.5491502812526330e-02  -4.0450849718747373e-01  -5.7206140281768436e-01   7.0710678118654757e-01
  -4.0450849718747367e-01  -9.5491502812526274e-02  -5.7206140281768436e-01   7.0710678118654757e-01
  -4.0450849718747367e-01  -9.5491502812526274e-02  -5.7206140281768436e-01  -7.0710678118654757e-01
  -9.5491502812526330e-02  -4.0450849718747373e-01  -5.7206140281768436e-01  -7.0710678118654757e-01
  -4.0450849718747367e-01  -9.5491502812526274e-02   5.7206140281768436e-01  -7.0710678118654757e-01
  -9.5491502812526330e-02  -4.0450849718747373e-01   5.7206140281768436e-01  -7.0710678118654757e-01
   9.5491502812526330e-02   4.0450849718747373e-01  -5.7206140281768436e-01  -7.0710678118654757e-01
   4.0450849718747367e-01   9.5491502812526274e-02  -5.7206140281768436e-01  -7.0710678118654757e-01
   9.5491502812526330e-02   4.0450849718747373e-01   5.7206140281768436e-01  -7.0710678118654757e-01
   4.0450849718747367e-01   9.5491502812526274e-02   5.7206140281768436e-01  -7.0710678118654757e-01
   9.0450849718747384e-01  -9.5491502812526274e-02   3.5355339059327379e-01   2.1850801222441052e-01
   9.0450849718747384e-01  -9.5491502812526274e-02   3.5355339059327379e-01  -2.1850801222441052e-01
   9.5491502812526274e-02  -9.0450849718747373e-01   3.5355339059327379e-01   2.1850801222441052e-01
   9.5491502812526274e-02  -9.0450849718747373e-01   3.5355339059327379e-01  -2.1850801222441052e-01
   9.0450849718747384e-01  -9.5491502812526274e-02  -3.5355339059327379e-01   2.1850801222441052e-01
   9.0450849718747384e-01  -9.5491502812526274e-02  -3.5355339059327379e-01  -2.1850801222441052e-01
   9.5491502812526274e-02  -9.0450849718747373e-01  -3.5355339059327379e-01   2.1850801222441052e-01
   9.5491502812526274e-02  -9.0450849718747373e-01  -3.5355339059327379e-01  -2.1850801222441052e-01
  -9.0450849718747384e-01   9.5491502812526274e-02  -3.5355339059327379e-01  -2.1850801222441052e-01
  -9.0450849718747384e-01   9.5491502812526274e-02  -3.5355339059327379e-01   2.1850801222441052e-01
  -9.5491502812526274e-02   9.0450849718747373e-01  -3.5355339059327379e-01  -2.1850801222441052e-01
  -9.5491502812526274e-02   9.0450849718747373e-01  -3.5355339059327379e-01   2.1850801222441052e-01
  -9.0450849718747384e-01   9.5491502812526274e-02   3.5355339059327379e-01  -2.1850801222441052e-01
  -9.0450849718747384e-01   9.5491502812526274e-02   3.5355339059327379e-01   2.1850801222441052e-01
  -9.5491502812526274e-02   9.0450849718747373e-01   3.5355339059327379e-01  -2.1850801222441052e-01
  -9.5491502812526274e-02   9.0450849718747373e-01   3.5355339059327379e-01   2.1850801222441052e-01
   6.5450849718747384e-01   1.5450849718747378e-01   2.1850801222441052e-01   7.0710678118654757e-01
   6.5450849718747384e-01   1.5450849718747378e-01  -2.1850801222441052e-01   7.0710678118654757e-01
  -1.5450849718747373e-01  -6.5450849718747373e-01   2.1850801222441052e-01   7.0710678118654757e-01
  -1.5450849718747373e-01  -6.5450849718747373e-01  -2.1850801222441052e-01   7.0710678118654757e-01
   1.5450849718747373e-01   6.5450849718747373e-01   2.1850801222441052e-01   7.0710678118654757e-01
   1.5450849718747373e-01   6.5450849718747373e-01  -2.1850801222441052e-01   7.0710678118654757e-01
  -6.5450849718747384e-01  -1.5450849718747378e-01   2.1850801222441052e-01   7.0710678118654757e-01
  -6.5450849718747384e-01  -1.5450849718747378e-01  -2.1850801222441052e-01   7.0710678118654757e-01
  -6.5450849718747384e-01  -1.5450849718747378e-01  -2.1850801222441052e-01  -7.0710678118654757e-01
  -6.5450849718747384e-01  -1.5450849718747378e-01   2.1850801222441052e-01  -7.0710678118654757e-01
   1.5450849718747373e-01   6.5450849718747373e-01  -2.1850801222441052e-01  -7.0710678118654757e-01
   1.5450849718747373e-01   6.5450849718747373e-01   2.1850801222441052e-01  -7.0710678118654757e-01
  -1.5450849718747373e-01  -6.5450849718747373e-01  -2.1850801222441052e-01  -7.0710678118654757e-01
  -1.5450849718747373e-01  -6.5450849718747373e-01   2.1850801222441052e-01  -7.0710678118654757e-01
   6.5450849718747384e-01   1.5450849718747378e-01  -2.1850801222441052e-01  -7.0710678118654757e-01
   6.5450849718747384e-01   1.5450849718747378e-01   2.1850801222441052e-01  -7.0710678118654757e-01
   5.5901699437494756e-01   2.5000000000000011e-01   7.0710678118654757e-01   3.5355339059327379e-01
   2.5000000000000000e-01   5.5901699437494745e-01   7.0710678118654757e-01   3.5355339059327379e-01
  -2.5000000000000000e-01  -5.5901699437494745e-01   7.0710678118654757e-01   3.5355339059327379e-01
  -5.5901699437494756e-01  -2.5000000000000011e-01   7.0710678118654757e-01   3.5355339059327379e-01
   5.5901699437494756e-01   2.5000000000000011e-01   7.0710678118654757e-01  -3.5355339059327379e-01
   2.5000000000000000e-01   5.5901699437494745e-01   7.0710678118654757e-01  -3.5355339059327379e-01
  -2.5000000000000000e-01  -5.5901699437494745e-01   7.0710678118654757e-01  -3.5355339059327379e-01
  -5.5901699437494756e-01  -2.5000000000000011e-01   7.0710678118654757e-01  -3.5355339059327379e-01
  -5.5901699437494756e-01  -2.5000000000000011e-01  -7.0710678118654757e-01  -3.5355339059327379e-01
  -2.5000000000000000e-01  -5.5901699437494745e-01  -7.0710678118654757e-01  -3.5355339059327379e-01
   2.5000000000000000e-01   5.5901699437494745e-01  -7.0710678118654757e-01  -3.5355339059327379e-01
   5.5901699437494756e-01   2.5000000000000011e-01  -7.0710678118654757e-01  -3.5355339059327379e-01
  -5.5901699437494756e-01  -2.5000000000000011e-01  -7.0710678118654757e-01   3.5355339059327379e-01
  -2.5000000000000000e-01  -5.5901699437494745e-01  -7.0710678118654757e-01   3.5355339059327379e-01
   2.5000000000000000e-01   5.5901699437494745e-01  -7.0710678118654757e-01   3.5355339059327379e-01
   5.5901699437494756e-01   2.5000000000000011e-01  -7.0710678118654757e-01   3.5355339059327379e-01
   6.5450849718747373e-01  -3.4549150281252633e-01   5.7206140281768436e-01   3.5355339059327379e-01
   3.4549150281252627e-01  -6.5450849718747373e-01   5.7206140281768436e-01   3.5355339059327379e-01
   6.5450849718747373e-01  -3.4549150281252633e-01  -5.7206140281768436e-01   3.5355339059327379e-01
   3.4549150281252627e-01  -6.5450849718747373e-01  -5.7206140281768436e-01   3.5355339059327379e-01
   6.5450849718747373e-01  -3.4549150281252633e-01   5.7206140281768436e-01  -3.5355339059327379e-01
   3.4549150281252627e-01  -6.5450849718747373e-01   5.7206140281768436e-01  -3.5355339059327379e-01
   6.5450849718747373e-01  -3.4549150281252633e-01  -5.7206140281768436e-01  -3.5355339059327379e-01
   3.4549150281252627e-01  -6.5450849718747373e-01  -5.7206140281768436e-01  -3.5355339059327379e-01
  -6.5450849718747373e-01   3.4549150281252633e-01  -5.7206140281768436e-01  -3.5355339059327379e-01
  -3.4549150281252627e-01   6.5450849718747373e-01  -5.7206140281768436e-01  -3.5355339059327379e-01
  -6.5450849718747373e-01   3.4549150281252633e-01   5.7206140281768436e-01  -3.5355339059327379e-01
  -3.4549150281252627e-01   6.5450849718747373e-01   5.7206140281768436e-01  -3.5355339059327379e-01
  -6.5450849718747373e-01   3.4549150281252633e-01  -5.7206140281768436e-01   3.5355339059327379e-01
  -3.4549150281252627e-01   6.5450849718747373e-01  -5.7206140281768436e-01   3.5355339059327379e-01
  -6.5450849718747373e-01   3.4549150281252633e-01   5.7206140281768436e-01   3.5355339059327379e-01
  -3.4549150281252627e-01   6.5450849718747373e-01   5.7206140281768436e-01   3.5355339059327379e-01
   4.0450849718747373e-01  -9.5491502812526330e-02   7.0710678118654757e-01   5.7206140281768436e-01
   9.5491502812526316e-02  -4.0450849718747373e-01   7.0710678118654757e-01   5.7206140281768436e-01
   4.0450849718747373e-01  -9.5491502812526330e-02   7.0710678118654757e-01  -5.7206140281768436e-01
   9.5491502812526316e-02  -4.0450849718747373e-01   7.0710678118654757e-01  -5.7206140281768436e-01
  -9.5491502812526316e-02   4.0450849718747373e-01   7.0710678118654757e-01   5.7206140281768436e-01
  -4.0450849718747373e-01   9.5491502812526330e-02   7.0710678118654757e-01   5.7206140281768436e-01
  -9.5491502812526316e-02   4.0450849718747373e-01   7.0710678118654757e-01  -5.7206140281768436e-01
  -4.0450849718747373e-01   9.5491502812526330e-02   7.0710678118654757e-01  -5.7206140281768436e-01
  -4.0450849718747373e-01   9.5491502812526330e-02  -7.0710678118654757e-01  -5.7206140281768436e-01
  -9.5491502812526316e-02   4.0450849718747373e-01  -7.0710678118654757e-01  -5.7206140281768436e-01
  -4.0450849718747373e-01   9.5491502812526330e-02  -7.0710678118654757e-01   5.7206140281768436e-01
  -9.5491502812526316e-02   4.0450849718747373e-01  -7.0710678118654757e-01   5.7206140281768436e-01
   9.5491502812526316e-02  -4.0450849718747373e-01  -7.0710678118654757e-01  -5.7206140281768436e-01
   4.0450849718747373e-01  -9.5491502812526330e-02  -7.0710678118654757e-01  -5.7206140281768436e-01
   9.5491502812526316e-02  -4.0450849718747373e-01  -7.0710678118654757e-01   5.7206140281768436e-01
   4.0450849718747373e-01  -9.5491502812526330e-02  -7.0710678118654757e-01   5.7206140281768436e-01
   5.5901699437494745e-01  -2.5000000000000006e-01   3.5355339059327379e-01   7.0710678118654757e-01
   2.5000000000000006e-01  -5.5901699437494745e-01   3.5355339059327379e-01   7.0710678118654757e-01
  -2.5000000000000006e-01   5.5901699437494745e-01   3.5355339059327379e-01   7.0710678118654757e-01
  -5.5901699437494745e-01   2.5000000000000006e-01   3.5355339059327379e-01   7.0710678118654757e-01
   5.5901699437494745e-01  -2.5000000000000006e-01  -3.5355339059327379e-01   7.0710678118654757e-01
   2.5000000000000006e-01  -5.5901699437494745e-01  -3.5355339059327379e-01   7.0710678118654757e-01
  -2.5000000000000006e-01   5.5901699437494745e-01  -3.5355339059327379e-01   7.0710678118654757e-01
  -5.5901699437494745e-01   2.5000000000000006e-01  -3.5355339059327379e-01   7.0710678118654757e-01
  -5.5901699437494745e-01   2.5000000000000006e-01  -3.5355339059327379e-01  -7.0710678118654757e-01
  -2.5000000000000006e-01   5.5901699437494745e-01  -3.5355339059327379e-01  -7.0710678118654757e-01
   2.5000000000000006e-01  -5.5901699437494745e-01  -3.5355339059327379e-01  -7.0710678118654757e-01
   5.5901699437494745e-01  -2.5000000000000006e-01  -3.5355339059327379e-01  -7.0710678118654757e-01
  -5.5901699437494745e-01   2.5000000000000006e-01   3.5355339059327379e-01  -7.0710678118654757e-01
  -2.5000000000000006e-01   5.5901699437494745e-01   3.5355339059327379e-01  -7.0710678118654757e-01
   2.5000000000000006e-01  -5.5901699437494745e-01   3.5355339059327379e-01  -7.0710678118654757e-01
   5.5901699437494745e-01  -2.5000000000000006e-01   3.5355339059327379e-01  -7.0710678118654757e-01
